0 7 9 0 0 0 8 0 0 10 0 10 8 8 8 8 4 10 0 1 0 9 9 8 10 9 14 0 14 6 8 7 11 19 2 17 11 23 8 4 1 17 27 17 16 25 4 11 6 6 21 10 15 7 12 0 4 6 6 9 3 13 8 4 16 32 9 0 8 23 1 4 13 8 16 11 6 3 6 4 16 14 36 8 4 21 5 10 4 0 12 10 5 8 13 16 2 30 5 13 12 1 9 2 9 12 11 0 5 1 8 0 16 16 16 11 8 4 8 25 
0 6 6 0 4 8 8 0 4 9 0 9 9 6 9 9 11 10 0 4 0 10 10 9 9 9 5 0 8 8 7 4 9 18 1 17 9 24 6 0 0 17 27 17 14 10 7 5 3 5 26 12 13 6 6 0 4 4 8 4 0 13 9 0 16 29 10 0 1 23 1 4 8 8 16 8 7 0 6 4 14 12 31 7 3 24 0 8 0 0 11 10 2 9 16 18 1 30 5 14 10 0 9 0 10 9 12 0 5 0 5 0 16 16 19 11 6 0 9 22 
0 6 7 0 7 10 8 0 11 9 0 10 11 8 9 9 11 9 0 5 0 10 10 11 9 5 0 0 2 8 4 4 6 18 0 17 8 25 2 0 0 17 25 16 9 0 5 1 0 3 32 13 6 6 3 0 3 3 7 0 0 12 9 0 14 26 9 0 0 21 0 4 4 7 16 6 6 0 5 4 11 12 27 7 2 24 0 0 0 0 10 9 0 9 17 21 0 30 5 14 8 0 9 0 9 8 11 0 5 0 2 0 15 16 19 11 8 0 8 16 
0 2 8 0 11 10 8 0 9 9 0 6 11 9 8 9 11 8 0 4 0 10 9 11 9 0 0 0 0 4 4 8 1 15 0 17 7 25 0 0 0 17 22 12 0 0 1 0 0 4 32 19 3 6 0 0 2 3 5 0 0 11 9 0 12 23 8 0 0 18 0 4 0 7 15 4 6 0 3 4 16 6 26 7 2 24 0 0 0 0 9 8 0 9 10 23 0 30 5 14 7 0 9 0 8 7 11 0 5 0 0 0 14 15 19 11 9 0 8 13 
0 0 4 0 13 10 8 0 12 8 0 3 11 9 8 9 10 8 0 3 0 10 9 11 9 0 0 0 0 4 8 3 0 13 0 17 6 26 0 0 0 17 17 0 0 0 0 0 0 4 32 22 3 3 0 0 1 3 4 0 0 10 9 0 11 20 6 0 0 15 0 4 0 3 15 2 6 0 3 3 19 0 22 6 2 24 0 0 0 0 7 8 0 8 5 23 0 31 5 14 6 0 9 0 7 6 11 0 5 0 0 0 11 15 19 10 10 0 8 7 
0 0 4 0 13 10 9 0 11 8 0 3 13 9 8 9 10 4 0 2 0 10 9 11 9 0 0 0 0 8 3 6 0 7 0 17 5 25 0 0 0 17 13 0 0 0 0 0 0 4 31 22 3 0 0 0 0 3 3 0 0 9 9 0 10 17 5 0 0 12 0 3 0 0 14 0 6 0 3 3 20 0 21 6 2 24 0 0 0 0 3 7 0 8 3 22 0 32 5 14 5 0 9 0 6 4 11 0 5 0 0 0 8 15 19 10 10 0 8 5 
0 0 8 0 13 10 8 0 10 8 0 3 15 9 8 9 10 1 0 1 0 10 9 11 9 0 0 0 0 3 6 4 0 3 0 17 4 25 0 0 0 17 9 0 0 0 0 0 0 3 31 22 0 0 0 0 0 3 2 0 0 8 8 0 9 14 4 0 0 9 0 3 0 0 8 0 5 0 4 2 20 0 20 6 2 24 0 0 0 0 0 5 0 7 2 22 0 32 5 14 4 0 9 0 5 2 11 0 5 0 0 0 5 15 19 10 10 0 8 3 
0 0 3 0 14 10 8 0 9 9 0 0 16 10 6 9 10 0 0 0 0 10 9 11 9 0 0 0 0 6 4 3 0 0 0 17 3 25 0 0 0 17 5 0 0 0 0 0 0 3 31 21 0 0 0 0 0 2 1 0 0 7 7 0 8 11 3 0 0 6 0 2 0 0 4 0 5 0 4 3 18 0 19 6 2 24 0 0 0 0 0 1 0 6 1 21 0 32 4 15 3 0 10 0 4 0 10 0 5 0 0 0 2 15 19 10 10 0 7 2 
0 0 6 0 15 11 8 0 10 9 0 0 16 10 7 10 9 0 0 0 0 10 9 10 9 0 0 0 0 4 3 0 0 0 0 17 2 24 0 0 0 17 2 0 0 0 0 0 0 3 32 17 0 0 0 0 0 1 0 0 0 6 6 0 7 8 2 0 0 3 0 3 0 0 1 0 5 0 4 3 15 0 18 6 2 24 0 0 0 0 0 0 0 3 0 19 0 32 3 14 2 0 10 0 3 0 8 0 5 0 0 0 0 14 19 10 9 0 7 0 
0 0 4 0 17 11 8 0 9 9 0 0 12 9 5 10 9 0 0 0 0 10 8 10 9 0 0 0 0 3 0 0 0 0 0 18 1 25 0 0 0 17 0 0 0 0 0 0 0 4 31 14 0 0 0 0 0 0 0 0 0 5 5 0 6 5 1 0 0 1 0 3 0 0 0 0 5 0 4 3 12 0 17 6 2 24 0 0 0 0 0 0 0 0 0 16 0 31 1 14 1 0 10 0 2 0 7 0 4 0 0 0 0 11 19 10 9 0 5 0 
0 0 3 0 15 10 8 0 8 9 0 0 10 8 3 11 9 0 0 0 0 10 9 9 9 0 0 0 0 0 0 0 0 0 0 19 0 27 0 0 0 16 0 0 0 0 0 0 0 3 31 11 0 0 0 0 0 0 0 0 0 4 4 0 5 2 0 0 0 0 0 3 0 0 0 0 5 0 4 3 9 0 16 6 2 24 0 0 0 0 0 0 0 0 0 11 0 29 0 12 0 0 10 0 1 0 7 0 2 0 0 0 0 8 19 10 9 0 3 0 
0 0 0 0 13 10 9 0 8 9 0 0 8 7 4 10 9 0 0 0 0 10 8 8 9 0 0 0 0 0 0 0 0 0 0 18 0 28 0 0 0 15 0 0 0 0 0 0 0 3 31 8 0 0 0 0 0 0 0 0 0 3 3 0 4 0 0 0 0 0 0 3 0 0 0 0 5 0 4 3 6 0 15 6 2 24 0 0 0 0 0 0 0 0 0 6 0 27 0 9 0 0 10 0 0 0 7 0 0 0 0 0 0 5 18 10 9 0 1 0 
0 0 0 0 10 10 9 0 10 9 0 0 7 6 3 9 8 0 0 0 0 9 8 7 9 0 0 0 0 0 0 0 0 0 0 17 0 29 0 0 0 14 0 0 0 0 0 0 0 3 31 5 0 0 0 0 0 0 0 0 0 2 2 0 3 0 0 0 0 0 0 3 0 0 0 0 5 0 3 3 4 0 14 5 2 24 0 0 0 0 0 0 0 0 0 1 0 26 0 6 0 0 10 0 0 0 5 0 0 0 0 0 0 2 18 10 7 0 0 0 
0 0 0 0 7 10 9 0 10 8 0 0 7 5 3 8 9 0 0 0 0 9 7 6 9 0 0 0 0 0 0 0 0 0 0 16 0 29 0 0 0 13 0 0 0 0 0 0 0 3 31 3 0 0 0 0 0 0 0 0 0 1 1 0 2 0 0 0 0 0 0 3 0 0 0 0 5 0 3 2 2 0 13 4 2 24 0 0 0 0 0 0 0 0 0 0 0 21 0 4 0 0 10 0 0 0 3 0 0 0 0 0 0 0 17 9 5 0 0 0 
0 0 0 0 4 10 9 0 10 7 0 0 7 4 3 7 9 0 0 0 0 8 8 5 8 0 0 0 0 0 0 0 0 0 0 15 0 29 0 0 0 12 0 0 0 0 0 0 0 3 31 1 0 0 0 0 0 0 0 0 0 0 0 0 1 0 0 0 0 0 0 2 0 0 0 0 5 0 3 2 0 0 12 4 2 24 0 0 0 0 0 0 0 0 0 0 0 16 0 2 0 0 8 0 0 0 1 0 0 0 0 0 0 0 17 6 3 0 0 0 
0 0 0 0 3 10 9 0 10 5 0 0 5 3 4 6 8 0 0 0 0 7 7 4 8 0 0 0 0 0 0 0 0 0 0 14 0 27 0 0 0 11 0 0 0 0 0 0 0 3 31 0 0 0 0 0 0 0 0 0 0 0 0 0 0 0 0 0 0 0 0 2 0 0 0 0 5 0 1 2 0 0 11 4 2 24 0 0 0 0 0 0 0 0 0 0 0 11 0 1 0 0 6 0 0 0 0 0 0 0 0 0 0 0 17 3 1 0 0 0 
0 0 0 0 3 10 9 0 10 3 0 0 2 2 3 5 7 0 0 0 0 7 7 2 8 0 0 0 0 0 0 0 0 0 0 13 0 24 0 0 0 10 0 0 0 0 0 0 0 3 30 0 0 0 0 0 0 0 0 0 0 0 0 0 0 0 0 0 0 0 0 2 0 0 0 0 6 0 0 1 0 0 10 4 2 23 0 0 0 0 0 0 0 0 0 0 0 6 0 0 0 0 4 0 0 0 0 0 0 0 0 0 0 0 16 1 0 0 0 0 
0 0 0 0 1 10 8 0 9 1 0 0 1 1 3 4 7 0 0 0 0 7 7 1 8 0 0 0 0 0 0 0 0 0 0 12 0 22 0 0 0 9 0 0 0 0 0 0 0 3 29 0 0 0 0 0 0 0 0 0 0 0 0 0 0 0 0 0 0 0 0 1 0 0 0 0 6 0 0 0 0 0 9 4 2 23 0 0 0 0 0 0 0 0 0 0 0 1 0 0 0 0 1 0 0 0 0 0 0 0 0 0 0 0 14 0 0 0 0 0 
0 0 0 0 1 9 7 0 9 0 0 0 0 0 3 3 7 0 0 0 0 3 5 0 8 0 0 0 0 0 0 0 0 0 0 13 0 18 0 0 0 8 0 0 0 0 0 0 0 3 27 0 0 0 0 0 0 0 0 0 0 0 0 0 0 0 0 0 0 0 0 0 0 0 0 0 6 0 0 0 0 0 8 4 2 23 0 0 0 0 0 0 0 0 0 0 0 0 0 0 0 0 0 0 0 0 0 0 0 0 0 0 0 0 12 0 0 0 0 0 
0 0 0 0 0 7 8 0 9 0 0 0 0 0 2 1 7 0 0 0 0 0 3 0 8 0 0 0 0 0 0 0 0 0 0 13 0 14 0 0 0 7 0 0 0 0 0 0 0 3 24 0 0 0 0 0 0 0 0 0 0 0 0 0 0 0 0 0 0 0 0 0 0 0 0 0 6 0 0 0 0 0 7 4 2 23 0 0 0 0 0 0 0 0 0 0 0 0 0 0 0 0 0 0 0 0 0 0 0 0 0 0 0 0 10 0 0 0 0 0 
0 0 0 0 0 6 7 0 9 0 0 0 0 0 2 0 7 0 0 0 0 0 1 0 8 0 0 0 0 0 0 0 0 0 0 12 0 10 0 0 0 6 0 0 0 0 0 0 0 3 21 0 0 0 0 0 0 0 0 0 0 0 0 0 0 0 0 0 0 0 0 0 0 0 0 0 6 0 0 0 0 0 6 4 2 23 0 0 0 0 0 0 0 0 0 0 0 0 0 0 0 0 0 0 0 0 0 0 0 0 0 0 0 0 8 0 0 0 0 0 
0 0 0 0 0 5 5 0 9 0 0 0 0 0 1 0 7 0 0 0 0 0 0 0 8 0 0 0 0 0 0 0 0 0 0 12 0 7 0 0 0 5 0 0 0 0 0 0 0 3 18 0 0 0 0 0 0 0 0 0 0 0 0 0 0 0 0 0 0 0 0 0 0 0 0 0 6 0 0 0 0 0 5 4 2 23 0 0 0 0 0 0 0 0 0 0 0 0 0 0 0 0 0 0 0 0 0 0 0 0 0 0 0 0 6 0 0 0 0 0 
0 0 0 0 0 3 6 0 9 0 0 0 0 0 0 0 7 0 0 0 0 0 0 0 8 0 0 0 0 0 0 0 0 0 0 11 0 5 0 0 0 4 0 0 0 0 0 0 0 3 15 0 0 0 0 0 0 0 0 0 0 0 0 0 0 0 0 0 0 0 0 0 0 0 0 0 6 0 0 0 0 0 4 4 2 23 0 0 0 0 0 0 0 0 0 0 0 0 0 0 0 0 0 0 0 0 0 0 0 0 0 0 0 0 4 0 0 0 0 0 
0 0 0 0 0 2 5 0 9 0 0 0 0 0 0 0 7 0 0 0 0 0 0 0 8 0 0 0 0 0 0 0 0 0 0 10 0 3 0 0 0 3 0 0 0 0 0 0 0 3 12 0 0 0 0 0 0 0 0 0 0 0 0 0 0 0 0 0 0 0 0 0 0 0 0 0 6 0 0 0 0 0 3 4 2 23 0 0 0 0 0 0 0 0 0 0 0 0 0 0 0 0 0 0 0 0 0 0 0 0 0 0 0 0 2 0 0 0 0 0 
0 0 0 0 0 1 4 0 9 0 0 0 0 0 0 0 7 0 0 0 0 0 0 0 7 0 0 0 0 0 0 0 0 0 0 9 0 2 0 0 0 2 0 0 0 0 0 0 0 3 9 0 0 0 0 0 0 0 0 0 0 0 0 0 0 0 0 0 0 0 0 0 0 0 0 0 6 0 0 0 0 0 2 4 2 23 0 0 0 0 0 0 0 0 0 0 0 0 0 0 0 0 0 0 0 0 0 0 0 0 0 0 0 0 1 0 0 0 0 0 
0 0 0 0 0 0 4 0 9 0 0 0 0 0 0 0 7 0 0 0 0 0 0 0 6 0 0 0 0 0 0 0 0 0 0 8 0 1 0 0 0 1 0 0 0 0 0 0 0 3 6 0 0 0 0 0 0 0 0 0 0 0 0 0 0 0 0 0 0 0 0 0 0 0 0 0 6 0 0 0 0 0 1 4 2 23 0 0 0 0 0 0 0 0 0 0 0 0 0 0 0 0 0 0 0 0 0 0 0 0 0 0 0 0 0 0 0 0 0 0 
0 0 0 0 0 0 4 0 9 0 0 0 0 0 0 0 7 0 0 0 0 0 0 0 4 0 0 0 0 0 0 0 0 0 0 6 0 0 0 0 0 0 0 0 0 0 0 0 0 2 4 0 0 0 0 0 0 0 0 0 0 0 0 0 0 0 0 0 0 0 0 0 0 0 0 0 6 0 0 0 0 0 0 4 2 23 0 0 0 0 0 0 0 0 0 0 0 0 0 0 0 0 0 0 0 0 0 0 0 0 0 0 0 0 0 0 0 0 0 0 
0 0 0 0 0 0 2 0 9 0 0 0 0 0 0 0 6 0 0 0 0 0 0 0 3 0 0 0 0 0 0 0 0 0 0 4 0 0 0 0 0 0 0 0 0 0 0 0 0 2 2 0 0 0 0 0 0 0 0 0 0 0 0 0 0 0 0 0 0 0 0 0 0 0 0 0 6 0 0 0 0 0 0 4 1 23 0 0 0 0 0 0 0 0 0 0 0 0 0 0 0 0 0 0 0 0 0 0 0 0 0 0 0 0 0 0 0 0 0 0 
0 0 0 0 0 0 2 0 9 0 0 0 0 0 0 0 5 0 0 0 0 0 0 0 2 0 0 0 0 0 0 0 0 0 0 2 0 0 0 0 0 0 0 0 0 0 0 0 0 2 0 0 0 0 0 0 0 0 0 0 0 0 0 0 0 0 0 0 0 0 0 0 0 0 0 0 6 0 0 0 0 0 0 4 0 23 0 0 0 0 0 0 0 0 0 0 0 0 0 0 0 0 0 0 0 0 0 0 0 0 0 0 0 0 0 0 0 0 0 0 
0 0 0 0 0 0 1 0 8 0 0 0 0 0 0 0 7 0 0 0 0 0 0 0 1 0 0 0 0 0 0 0 0 0 0 1 0 0 0 0 0 0 0 0 0 0 0 0 0 0 0 0 0 0 0 0 0 0 0 0 0 0 0 0 0 0 0 0 0 0 0 0 0 0 0 0 6 0 0 0 0 0 0 2 0 22 0 0 0 0 0 0 0 0 0 0 0 0 0 0 0 0 0 0 0 0 0 0 0 0 0 0 0 0 0 0 0 0 0 0 
0 0 0 0 0 0 1 0 8 0 0 0 0 0 0 0 8 0 0 0 0 0 0 0 0 0 0 0 0 0 0 0 0 0 0 0 0 0 0 0 0 0 0 0 0 0 0 0 0 0 0 0 0 0 0 0 0 0 0 0 0 0 0 0 0 0 0 0 0 0 0 0 0 0 0 0 6 0 0 0 0 0 0 1 0 20 0 0 0 0 0 0 0 0 0 0 0 0 0 0 0 0 0 0 0 0 0 0 0 0 0 0 0 0 0 0 0 0 0 0 
0 0 0 0 0 0 0 0 9 0 0 0 0 0 0 0 7 0 0 0 0 0 0 0 0 0 0 0 0 0 0 0 0 0 0 0 0 0 0 0 0 0 0 0 0 0 0 0 0 0 0 0 0 0 0 0 0 0 0 0 0 0 0 0 0 0 0 0 0 0 0 0 0 0 0 0 5 0 0 0 0 0 0 0 0 19 0 0 0 0 0 0 0 0 0 0 0 0 0 0 0 0 0 0 0 0 0 0 0 0 0 0 0 0 0 0 0 0 0 0 
0 0 0 0 0 0 0 0 9 0 0 0 0 0 0 0 7 0 0 0 0 0 0 0 0 0 0 0 0 0 0 0 0 0 0 0 0 0 0 0 0 0 0 0 0 0 0 0 0 0 0 0 0 0 0 0 0 0 0 0 0 0 0 0 0 0 0 0 0 0 0 0 0 0 0 0 5 0 0 0 0 0 0 0 0 16 0 0 0 0 0 0 0 0 0 0 0 0 0 0 0 0 0 0 0 0 0 0 0 0 0 0 0 0 0 0 0 0 0 0 
0 0 0 0 0 0 0 0 9 0 0 0 0 0 0 0 7 0 0 0 0 0 0 0 0 0 0 0 0 0 0 0 0 0 0 0 0 0 0 0 0 0 0 0 0 0 0 0 0 0 0 0 0 0 0 0 0 0 0 0 0 0 0 0 0 0 0 0 0 0 0 0 0 0 0 0 5 0 0 0 0 0 0 0 0 13 0 0 0 0 0 0 0 0 0 0 0 0 0 0 0 0 0 0 0 0 0 0 0 0 0 0 0 0 0 0 0 0 0 0 
0 0 0 0 0 0 0 0 9 0 0 0 0 0 0 0 7 0 0 0 0 0 0 0 0 0 0 0 0 0 0 0 0 0 0 0 0 0 0 0 0 0 0 0 0 0 0 0 0 0 0 0 0 0 0 0 0 0 0 0 0 0 0 0 0 0 0 0 0 0 0 0 0 0 0 0 4 0 0 0 0 0 0 0 0 11 0 0 0 0 0 0 0 0 0 0 0 0 0 0 0 0 0 0 0 0 0 0 0 0 0 0 0 0 0 0 0 0 0 0 
0 0 0 0 0 0 0 0 9 0 0 0 0 0 0 0 7 0 0 0 0 0 0 0 0 0 0 0 0 0 0 0 0 0 0 0 0 0 0 0 0 0 0 0 0 0 0 0 0 0 0 0 0 0 0 0 0 0 0 0 0 0 0 0 0 0 0 0 0 0 0 0 0 0 0 0 3 0 0 0 0 0 0 0 0 9 0 0 0 0 0 0 0 0 0 0 0 0 0 0 0 0 0 0 0 0 0 0 0 0 0 0 0 0 0 0 0 0 0 0 
0 0 0 0 0 0 0 0 9 0 0 0 0 0 0 0 6 0 0 0 0 0 0 0 0 0 0 0 0 0 0 0 0 0 0 0 0 0 0 0 0 0 0 0 0 0 0 0 0 0 0 0 0 0 0 0 0 0 0 0 0 0 0 0 0 0 0 0 0 0 0 0 0 0 0 0 3 0 0 0 0 0 0 0 0 7 0 0 0 0 0 0 0 0 0 0 0 0 0 0 0 0 0 0 0 0 0 0 0 0 0 0 0 0 0 0 0 0 0 0 
0 0 0 0 0 0 0 0 9 0 0 0 0 0 0 0 5 0 0 0 0 0 0 0 0 0 0 0 0 0 0 0 0 0 0 0 0 0 0 0 0 0 0 0 0 0 0 0 0 0 0 0 0 0 0 0 0 0 0 0 0 0 0 0 0 0 0 0 0 0 0 0 0 0 0 0 3 0 0 0 0 0 0 0 0 5 0 0 0 0 0 0 0 0 0 0 0 0 0 0 0 0 0 0 0 0 0 0 0 0 0 0 0 0 0 0 0 0 0 0 
0 0 0 0 0 0 0 0 8 0 0 0 0 0 0 0 5 0 0 0 0 0 0 0 0 0 0 0 0 0 0 0 0 0 0 0 0 0 0 0 0 0 0 0 0 0 0 0 0 0 0 0 0 0 0 0 0 0 0 0 0 0 0 0 0 0 0 0 0 0 0 0 0 0 0 0 3 0 0 0 0 0 0 0 0 3 0 0 0 0 0 0 0 0 0 0 0 0 0 0 0 0 0 0 0 0 0 0 0 0 0 0 0 0 0 0 0 0 0 0 
0 0 0 0 0 0 0 0 7 0 0 0 0 0 0 0 5 0 0 0 0 0 0 0 0 0 0 0 0 0 0 0 0 0 0 0 0 0 0 0 0 0 0 0 0 0 0 0 0 0 0 0 0 0 0 0 0 0 0 0 0 0 0 0 0 0 0 0 0 0 0 0 0 0 0 0 3 0 0 0 0 0 0 0 0 1 0 0 0 0 0 0 0 0 0 0 0 0 0 0 0 0 0 0 0 0 0 0 0 0 0 0 0 0 0 0 0 0 0 0 
0 0 0 0 0 0 0 0 6 0 0 0 0 0 0 0 5 0 0 0 0 0 0 0 0 0 0 0 0 0 0 0 0 0 0 0 0 0 0 0 0 0 0 0 0 0 0 0 0 0 0 0 0 0 0 0 0 0 0 0 0 0 0 0 0 0 0 0 0 0 0 0 0 0 0 0 2 0 0 0 0 0 0 0 0 0 0 0 0 0 0 0 0 0 0 0 0 0 0 0 0 0 0 0 0 0 0 0 0 0 0 0 0 0 0 0 0 0 0 0 
0 0 0 0 0 0 0 0 6 0 0 0 0 0 0 0 5 0 0 0 0 0 0 0 0 0 0 0 0 0 0 0 0 0 0 0 0 0 0 0 0 0 0 0 0 0 0 0 0 0 0 0 0 0 0 0 0 0 0 0 0 0 0 0 0 0 0 0 0 0 0 0 0 0 0 0 0 0 0 0 0 0 0 0 0 0 0 0 0 0 0 0 0 0 0 0 0 0 0 0 0 0 0 0 0 0 0 0 0 0 0 0 0 0 0 0 0 0 0 0 
0 0 0 0 0 0 0 0 6 0 0 0 0 0 0 0 3 0 0 0 0 0 0 0 0 0 0 0 0 0 0 0 0 0 0 0 0 0 0 0 0 0 0 0 0 0 0 0 0 0 0 0 0 0 0 0 0 0 0 0 0 0 0 0 0 0 0 0 0 0 0 0 0 0 0 0 0 0 0 0 0 0 0 0 0 0 0 0 0 0 0 0 0 0 0 0 0 0 0 0 0 0 0 0 0 0 0 0 0 0 0 0 0 0 0 0 0 0 0 0 
0 0 0 0 0 0 0 0 6 0 0 0 0 0 0 0 1 0 0 0 0 0 0 0 0 0 0 0 0 0 0 0 0 0 0 0 0 0 0 0 0 0 0 0 0 0 0 0 0 0 0 0 0 0 0 0 0 0 0 0 0 0 0 0 0 0 0 0 0 0 0 0 0 0 0 0 0 0 0 0 0 0 0 0 0 0 0 0 0 0 0 0 0 0 0 0 0 0 0 0 0 0 0 0 0 0 0 0 0 0 0 0 0 0 0 0 0 0 0 0 
0 0 0 0 0 0 0 0 5 0 0 0 0 0 0 0 0 0 0 0 0 0 0 0 0 0 0 0 0 0 0 0 0 0 0 0 0 0 0 0 0 0 0 0 0 0 0 0 0 0 0 0 0 0 0 0 0 0 0 0 0 0 0 0 0 0 0 0 0 0 0 0 0 0 0 0 0 0 0 0 0 0 0 0 0 0 0 0 0 0 0 0 0 0 0 0 0 0 0 0 0 0 0 0 0 0 0 0 0 0 0 0 0 0 0 0 0 0 0 0 
0 0 0 0 0 0 0 0 3 0 0 0 0 0 0 0 0 0 0 0 0 0 0 0 0 0 0 0 0 0 0 0 0 0 0 0 0 0 0 0 0 0 0 0 0 0 0 0 0 0 0 0 0 0 0 0 0 0 0 0 0 0 0 0 0 0 0 0 0 0 0 0 0 0 0 0 0 0 0 0 0 0 0 0 0 0 0 0 0 0 0 0 0 0 0 0 0 0 0 0 0 0 0 0 0 0 0 0 0 0 0 0 0 0 0 0 0 0 0 0 
0 0 0 0 0 0 0 0 2 0 0 0 0 0 0 0 0 0 0 0 0 0 0 0 0 0 0 0 0 0 0 0 0 0 0 0 0 0 0 0 0 0 0 0 0 0 0 0 0 0 0 0 0 0 0 0 0 0 0 0 0 0 0 0 0 0 0 0 0 0 0 0 0 0 0 0 0 0 0 0 0 0 0 0 0 0 0 0 0 0 0 0 0 0 0 0 0 0 0 0 0 0 0 0 0 0 0 0 0 0 0 0 0 0 0 0 0 0 0 0 
0 0 0 0 0 0 0 0 1 0 0 0 0 0 0 0 0 0 0 0 0 0 0 0 0 0 0 0 0 0 0 0 0 0 0 0 0 0 0 0 0 0 0 0 0 0 0 0 0 0 0 0 0 0 0 0 0 0 0 0 0 0 0 0 0 0 0 0 0 0 0 0 0 0 0 0 0 0 0 0 0 0 0 0 0 0 0 0 0 0 0 0 0 0 0 0 0 0 0 0 0 0 0 0 0 0 0 0 0 0 0 0 0 0 0 0 0 0 0 0 
0 0 0 0 0 0 0 0 0 0 0 0 0 0 0 0 0 0 0 0 0 0 0 0 0 0 0 0 0 0 0 0 0 0 0 0 0 0 0 0 0 0 0 0 0 0 0 0 0 0 0 0 0 0 0 0 0 0 0 0 0 0 0 0 0 0 0 0 0 0 0 0 0 0 0 0 0 0 0 0 0 0 0 0 0 0 0 0 0 0 0 0 0 0 0 0 0 0 0 0 0 0 0 0 0 0 0 0 0 0 0 0 0 0 0 0 0 0 0 0 
0 0 0 0 0 0 0 0 0 0 0 0 0 0 0 0 0 0 0 0 0 0 0 0 0 0 0 0 0 0 0 0 0 0 0 0 0 0 0 0 0 0 0 0 0 0 0 0 0 0 0 0 0 0 0 0 0 0 0 0 0 0 0 0 0 0 0 0 0 0 0 0 0 0 0 0 0 0 0 0 0 0 0 0 0 0 0 0 0 0 0 0 0 0 0 0 0 0 0 0 0 0 0 0 0 0 0 0 0 0 0 0 0 0 0 0 0 0 0 0 
