0 9 14 0 0 0 8 0 0 14 0 14 7 8 8 13 4 14 0 0 0 15 11 9 14 12 21 0 28 10 11 11 21 25 7 26 20 43 14 9 6 26 33 29 26 45 4 16 11 6 38 19 27 9 22 0 5 11 15 12 8 18 14 10 25 54 14 0 14 40 4 2 24 14 22 19 6 10 6 5 29 24 62 8 6 33 10 10 9 0 21 11 11 11 22 24 6 47 10 20 19 3 12 6 13 24 15 1 6 4 9 0 25 27 29 17 11 9 14 39 
0 10 10 0 3 6 10 0 4 13 0 15 8 12 8 11 10 15 0 0 0 14 13 11 15 12 9 0 18 11 11 4 19 24 6 26 19 41 15 0 6 26 35 30 30 16 7 8 6 7 45 20 21 10 12 0 5 9 14 12 0 18 13 8 25 49 17 0 6 40 4 4 19 14 23 14 6 8 5 4 28 22 55 9 6 37 0 12 7 0 20 11 11 10 23 28 4 47 10 22 18 0 12 6 13 22 15 1 6 0 9 0 25 27 33 17 10 0 13 39 
0 11 9 0 6 12 10 0 10 11 0 14 6 11 8 11 9 15 0 3 0 14 14 10 15 9 0 0 7 13 4 3 16 25 5 25 19 38 8 0 6 26 38 36 16 0 8 0 0 2 55 25 12 10 7 0 5 9 17 3 0 19 14 3 28 44 19 0 0 43 2 3 11 15 22 12 8 6 6 3 27 22 51 9 6 37 0 7 0 0 19 12 9 10 24 30 4 46 10 23 16 0 12 5 14 21 16 0 7 0 4 0 26 27 33 17 12 0 14 29 
0 7 13 0 8 12 9 0 10 12 0 12 6 12 10 12 9 17 0 8 0 13 15 10 15 0 0 0 0 4 3 7 8 31 0 24 19 37 0 0 5 26 42 24 0 0 0 0 0 4 55 34 5 10 2 0 5 9 18 0 0 19 14 1 29 39 20 0 0 40 0 3 2 14 22 9 8 4 7 3 34 11 51 9 6 37 0 0 0 0 18 13 4 11 22 29 4 47 10 23 15 0 12 4 15 21 16 0 7 0 0 0 25 28 33 17 15 0 14 24 
0 0 2 0 8 12 9 0 11 14 0 5 6 12 11 12 11 17 0 11 0 14 15 10 15 0 0 0 0 5 7 5 0 34 0 23 19 34 0 0 0 26 44 0 0 0 0 0 0 4 54 41 5 7 0 0 5 9 18 0 0 19 14 1 29 34 18 0 0 35 0 3 0 7 22 8 9 2 9 4 40 1 47 9 6 37 0 0 0 0 16 14 1 12 14 29 4 46 10 23 14 0 12 3 16 21 16 0 7 0 0 0 20 28 33 18 16 0 14 16 
0 0 5 0 8 12 8 0 10 14 0 5 6 12 11 11 11 11 0 12 0 14 15 9 15 0 0 0 0 7 5 10 0 24 0 23 19 34 0 0 0 26 39 0 0 0 0 0 0 4 55 41 5 2 0 0 5 9 17 0 0 19 14 1 29 29 17 0 0 30 0 4 0 0 25 5 9 1 10 5 42 0 47 9 6 37 0 0 0 0 8 16 0 11 12 30 4 45 10 23 13 0 12 1 18 20 16 0 7 0 0 0 15 28 33 18 16 0 14 14 
0 0 7 0 8 12 9 0 11 14 0 5 6 13 12 11 10 6 0 12 0 14 15 9 15 0 0 0 0 5 10 13 0 11 0 23 19 33 0 0 0 26 34 0 0 0 0 0 0 5 55 41 2 0 0 0 5 9 15 0 0 19 14 1 29 24 16 0 0 25 0 5 0 0 22 0 10 1 9 6 42 0 46 9 6 37 0 0 0 0 0 15 0 14 10 29 4 45 10 23 12 0 12 0 19 18 16 0 7 0 0 0 10 28 33 18 16 0 15 11 
0 0 5 0 8 12 9 0 9 14 0 2 6 13 15 11 11 0 0 12 0 14 15 9 15 0 0 0 0 10 13 11 0 0 0 23 19 33 0 0 0 26 28 0 0 0 0 0 0 5 55 41 0 0 0 0 4 9 14 0 0 19 15 1 29 19 15 0 0 20 0 6 0 0 11 0 10 1 9 5 43 0 45 9 6 37 0 0 0 0 0 4 0 16 8 32 4 44 10 22 12 0 12 0 19 15 17 0 7 0 0 0 5 28 33 18 16 0 16 8 
0 0 10 0 8 11 9 0 9 15 0 0 6 14 12 10 11 0 0 12 0 13 14 10 15 0 0 0 0 13 11 0 0 0 0 23 19 34 0 0 0 26 21 0 0 0 0 0 0 5 54 38 0 0 0 0 3 9 13 0 0 19 16 1 29 14 14 0 0 15 0 5 0 0 6 0 10 1 9 5 38 0 44 9 6 37 0 0 0 0 0 0 0 16 0 35 4 45 8 23 10 0 12 0 19 10 20 0 7 0 0 0 0 28 33 18 17 0 17 4 
0 0 13 0 7 11 9 0 9 15 0 0 7 16 13 10 11 0 0 11 0 14 14 12 15 0 0 0 0 11 0 0 0 0 0 22 19 33 0 0 0 26 18 0 0 0 0 0 0 4 55 33 0 0 0 0 1 9 11 0 0 19 18 1 28 9 13 0 0 8 0 5 0 0 0 0 10 1 9 5 33 0 43 9 6 37 0 0 0 0 0 0 0 0 0 41 4 46 7 22 8 0 12 0 18 5 22 0 7 0 0 0 0 23 33 18 18 0 18 0 
0 0 11 0 8 12 9 0 9 15 0 0 8 17 5 10 11 0 0 9 0 14 13 13 15 0 0 0 0 0 0 0 0 0 0 21 19 31 0 0 0 27 14 0 0 0 0 0 0 5 55 28 0 0 0 0 0 9 9 0 0 19 20 0 27 4 13 0 0 0 0 5 0 0 0 0 10 1 9 5 28 0 42 9 6 37 0 0 0 0 0 0 0 0 0 33 0 49 6 25 2 0 12 0 18 3 21 0 6 0 0 0 0 18 34 18 18 0 15 0 
0 0 0 0 8 12 8 0 10 15 0 0 10 19 4 11 10 0 0 8 0 14 14 15 15 0 0 0 0 0 0 0 0 0 0 21 19 31 0 0 0 28 10 0 0 0 0 0 0 5 55 23 0 0 0 0 0 7 8 0 0 18 20 0 25 0 12 0 0 0 0 5 0 0 0 0 10 1 9 5 23 0 41 9 6 37 0 0 0 0 0 0 0 0 0 20 0 53 0 28 0 0 12 0 18 1 21 0 3 0 0 0 0 13 35 18 19 0 11 0 
0 0 0 0 8 12 8 0 13 15 0 0 11 21 5 12 11 0 0 7 0 15 14 17 15 0 0 0 0 0 0 0 0 0 0 21 19 31 0 0 0 29 7 0 0 0 0 0 0 5 55 18 0 0 0 0 0 6 6 0 0 18 19 0 23 0 11 0 0 0 0 5 0 0 0 0 10 1 11 5 16 0 39 10 6 36 0 0 0 0 0 0 0 0 0 7 0 56 0 23 0 0 12 0 17 0 20 0 0 0 0 0 0 8 35 18 23 0 2 0 
0 0 0 0 8 12 7 0 13 17 0 0 12 23 5 14 12 0 0 6 0 16 15 18 15 0 0 0 0 0 0 0 0 0 0 22 19 31 0 0 0 30 5 0 0 0 0 0 0 5 55 11 0 0 0 0 0 4 5 0 0 17 18 0 21 0 10 0 0 0 0 5 0 0 0 0 10 1 11 7 9 0 37 11 6 36 0 0 0 0 0 0 0 0 0 0 0 52 0 17 0 0 12 0 15 0 16 0 0 0 0 0 0 1 37 20 20 0 0 0 
0 0 0 0 7 13 7 0 14 19 0 0 14 24 5 17 11 0 0 5 0 18 14 19 16 0 0 0 0 0 0 0 0 0 0 24 18 31 0 0 0 31 4 0 0 0 0 0 0 5 55 4 0 0 0 0 0 3 3 0 0 16 16 0 19 0 9 0 0 0 0 7 0 0 0 0 10 1 11 7 2 0 36 11 6 36 0 0 0 0 0 0 0 0 0 0 0 40 0 14 0 0 11 0 13 0 11 0 0 0 0 0 0 0 38 16 16 0 0 0 
0 0 0 0 5 14 8 0 13 18 0 0 18 25 4 19 12 0 0 4 0 19 15 21 17 0 0 0 0 0 0 0 0 0 0 25 17 33 0 0 0 32 3 0 0 0 0 0 0 5 55 0 0 0 0 0 0 1 2 0 0 13 14 0 16 0 8 0 0 0 0 7 0 0 0 0 10 0 7 7 0 0 35 11 6 36 0 0 0 0 0 0 0 0 0 0 0 28 0 11 0 0 9 0 7 0 9 0 0 0 0 0 0 0 39 11 11 0 0 0 
0 0 0 0 6 15 8 0 13 11 0 0 21 26 5 19 13 0 0 4 0 19 16 24 18 0 0 0 0 0 0 0 0 0 0 26 16 35 0 0 0 33 0 0 0 0 0 0 0 5 57 0 0 0 0 0 0 0 0 0 0 11 11 0 12 0 8 0 0 0 0 7 0 0 0 0 10 0 0 7 0 0 33 11 6 37 0 0 0 0 0 0 0 0 0 0 0 16 0 8 0 0 6 0 5 0 2 0 0 0 0 0 0 0 41 4 5 0 0 0 
0 0 0 0 9 16 10 0 14 4 0 0 22 24 5 21 14 0 0 4 0 20 16 22 18 0 0 0 0 0 0 0 0 0 0 27 15 34 0 0 0 33 0 0 0 0 0 0 0 5 59 0 0 0 0 0 0 0 0 0 0 8 9 0 7 0 8 0 0 0 0 7 0 0 0 0 10 0 0 0 0 0 31 12 6 37 0 0 0 0 0 0 0 0 0 0 0 3 0 5 0 0 4 0 0 0 0 0 0 0 0 0 0 0 42 0 0 0 0 0 
0 0 0 0 9 18 11 0 15 0 0 0 24 21 5 24 14 0 0 3 0 10 19 13 18 0 0 0 0 0 0 0 0 0 0 26 15 36 0 0 0 33 0 0 0 0 0 0 0 5 58 0 0 0 0 0 0 0 0 0 0 5 4 0 5 0 7 0 0 0 0 0 0 0 0 0 10 0 0 0 0 0 29 13 6 37 0 0 0 0 0 0 0 0 0 0 0 0 0 0 0 0 1 0 0 0 0 0 0 0 0 0 0 0 38 0 0 0 0 0 
0 0 0 0 10 21 10 0 15 0 0 0 24 17 7 25 14 0 0 2 0 0 13 5 18 0 0 0 0 0 0 0 0 0 0 26 15 38 0 0 0 33 0 0 0 0 0 0 0 5 53 0 0 0 0 0 0 0 0 0 0 1 2 0 2 0 6 0 0 0 0 0 0 0 0 0 10 0 0 0 0 0 27 14 6 37 0 0 0 0 0 0 0 0 0 0 0 0 0 0 0 0 0 0 0 0 0 0 0 0 0 0 0 0 34 0 0 0 0 0 
0 0 0 0 10 23 12 0 15 0 0 0 21 13 8 25 14 0 0 0 0 0 5 2 18 0 0 0 0 0 0 0 0 0 0 27 15 39 0 0 0 33 0 0 0 0 0 0 0 5 48 0 0 0 0 0 0 0 0 0 0 0 0 0 0 0 0 0 0 0 0 0 0 0 0 0 10 0 0 0 0 0 25 15 6 37 0 0 0 0 0 0 0 0 0 0 0 0 0 0 0 0 0 0 0 0 0 0 0 0 0 0 0 0 30 0 0 0 0 0 
0 0 0 0 10 25 14 0 15 0 0 0 11 9 5 17 14 0 0 0 0 0 0 0 18 0 0 0 0 0 0 0 0 0 0 27 15 39 0 0 0 33 0 0 0 0 0 0 0 5 43 0 0 0 0 0 0 0 0 0 0 0 0 0 0 0 0 0 0 0 0 0 0 0 0 0 10 0 0 0 0 0 23 15 6 38 0 0 0 0 0 0 0 0 0 0 0 0 0 0 0 0 0 0 0 0 0 0 0 0 0 0 0 0 26 0 0 0 0 0 
0 0 0 0 10 27 12 0 15 0 0 0 1 2 0 7 14 0 0 0 0 0 0 0 18 0 0 0 0 0 0 0 0 0 0 30 14 42 0 0 0 33 0 0 0 0 0 0 0 5 38 0 0 0 0 0 0 0 0 0 0 0 0 0 0 0 0 0 0 0 0 0 0 0 0 0 10 0 0 0 0 0 21 15 6 39 0 0 0 0 0 0 0 0 0 0 0 0 0 0 0 0 0 0 0 0 0 0 0 0 0 0 0 0 22 0 0 0 0 0 
0 0 0 0 1 22 14 0 15 0 0 0 0 0 0 0 14 0 0 0 0 0 0 0 18 0 0 0 0 0 0 0 0 0 0 33 13 45 0 0 0 33 0 0 0 0 0 0 0 5 33 0 0 0 0 0 0 0 0 0 0 0 0 0 0 0 0 0 0 0 0 0 0 0 0 0 10 0 0 0 0 0 19 15 6 40 0 0 0 0 0 0 0 0 0 0 0 0 0 0 0 0 0 0 0 0 0 0 0 0 0 0 0 0 18 0 0 0 0 0 
0 0 0 0 0 16 16 0 15 0 0 0 0 0 0 0 14 0 0 0 0 0 0 0 20 0 0 0 0 0 0 0 0 0 0 35 12 37 0 0 0 33 0 0 0 0 0 0 0 5 28 0 0 0 0 0 0 0 0 0 0 0 0 0 0 0 0 0 0 0 0 0 0 0 0 0 10 0 0 0 0 0 17 15 6 41 0 0 0 0 0 0 0 0 0 0 0 0 0 0 0 0 0 0 0 0 0 0 0 0 0 0 0 0 12 0 0 0 0 0 
0 0 0 0 0 9 14 0 15 0 0 0 0 0 0 0 14 0 0 0 0 0 0 0 22 0 0 0 0 0 0 0 0 0 0 38 10 31 0 0 0 33 0 0 0 0 0 0 0 6 22 0 0 0 0 0 0 0 0 0 0 0 0 0 0 0 0 0 0 0 0 0 0 0 0 0 10 0 0 0 0 0 15 15 6 42 0 0 0 0 0 0 0 0 0 0 0 0 0 0 0 0 0 0 0 0 0 0 0 0 0 0 0 0 6 0 0 0 0 0 
0 0 0 0 0 6 15 0 15 0 0 0 0 0 0 0 14 0 0 0 0 0 0 0 24 0 0 0 0 0 0 0 0 0 0 40 2 26 0 0 0 33 0 0 0 0 0 0 0 7 15 0 0 0 0 0 0 0 0 0 0 0 0 0 0 0 0 0 0 0 0 0 0 0 0 0 10 0 0 0 0 0 13 15 6 43 0 0 0 0 0 0 0 0 0 0 0 0 0 0 0 0 0 0 0 0 0 0 0 0 0 0 0 0 0 0 0 0 0 0 
0 0 0 0 0 0 17 0 15 0 0 0 0 0 0 0 15 0 0 0 0 0 0 0 19 0 0 0 0 0 0 0 0 0 0 38 0 21 0 0 0 32 0 0 0 0 0 0 0 7 8 0 0 0 0 0 0 0 0 0 0 0 0 0 0 0 0 0 0 0 0 0 0 0 0 0 10 0 0 0 0 0 11 15 6 44 0 0 0 0 0 0 0 0 0 0 0 0 0 0 0 0 0 0 0 0 0 0 0 0 0 0 0 0 0 0 0 0 0 0 
0 0 0 0 0 0 17 0 15 0 0 0 0 0 0 0 17 0 0 0 0 0 0 0 13 0 0 0 0 0 0 0 0 0 0 27 0 17 0 0 0 31 0 0 0 0 0 0 0 7 1 0 0 0 0 0 0 0 0 0 0 0 0 0 0 0 0 0 0 0 0 0 0 0 0 0 10 0 0 0 0 0 9 15 6 45 0 0 0 0 0 0 0 0 0 0 0 0 0 0 0 0 0 0 0 0 0 0 0 0 0 0 0 0 0 0 0 0 0 0 
0 0 0 0 0 0 19 0 16 0 0 0 0 0 0 0 16 0 0 0 0 0 0 0 11 0 0 0 0 0 0 0 0 0 0 16 0 14 0 0 0 27 0 0 0 0 0 0 0 1 0 0 0 0 0 0 0 0 0 0 0 0 0 0 0 0 0 0 0 0 0 0 0 0 0 0 10 0 0 0 0 0 7 14 4 47 0 0 0 0 0 0 0 0 0 0 0 0 0 0 0 0 0 0 0 0 0 0 0 0 0 0 0 0 0 0 0 0 0 0 
0 0 0 0 0 0 18 0 16 0 0 0 0 0 0 0 16 0 0 0 0 0 0 0 9 0 0 0 0 0 0 0 0 0 0 8 0 10 0 0 0 22 0 0 0 0 0 0 0 0 0 0 0 0 0 0 0 0 0 0 0 0 0 0 0 0 0 0 0 0 0 0 0 0 0 0 10 0 0 0 0 0 2 15 3 49 0 0 0 0 0 0 0 0 0 0 0 0 0 0 0 0 0 0 0 0 0 0 0 0 0 0 0 0 0 0 0 0 0 0 
0 0 0 0 0 0 18 0 16 0 0 0 0 0 0 0 17 0 0 0 0 0 0 0 6 0 0 0 0 0 0 0 0 0 0 5 0 4 0 0 0 14 0 0 0 0 0 0 0 0 0 0 0 0 0 0 0 0 0 0 0 0 0 0 0 0 0 0 0 0 0 0 0 0 0 0 11 0 0 0 0 0 0 15 0 50 0 0 0 0 0 0 0 0 0 0 0 0 0 0 0 0 0 0 0 0 0 0 0 0 0 0 0 0 0 0 0 0 0 0 
0 0 0 0 0 0 17 0 17 0 0 0 0 0 0 0 17 0 0 0 0 0 0 0 4 0 0 0 0 0 0 0 0 0 0 0 0 1 0 0 0 5 0 0 0 0 0 0 0 0 0 0 0 0 0 0 0 0 0 0 0 0 0 0 0 0 0 0 0 0 0 0 0 0 0 0 11 0 0 0 0 0 0 8 0 53 0 0 0 0 0 0 0 0 0 0 0 0 0 0 0 0 0 0 0 0 0 0 0 0 0 0 0 0 0 0 0 0 0 0 
0 0 0 0 0 0 6 0 18 0 0 0 0 0 0 0 17 0 0 0 0 0 0 0 3 0 0 0 0 0 0 0 0 0 0 0 0 0 0 0 0 0 0 0 0 0 0 0 0 0 0 0 0 0 0 0 0 0 0 0 0 0 0 0 0 0 0 0 0 0 0 0 0 0 0 0 12 0 0 0 0 0 0 0 0 55 0 0 0 0 0 0 0 0 0 0 0 0 0 0 0 0 0 0 0 0 0 0 0 0 0 0 0 0 0 0 0 0 0 0 
0 0 0 0 0 0 0 0 17 0 0 0 0 0 0 0 18 0 0 0 0 0 0 0 3 0 0 0 0 0 0 0 0 0 0 0 0 0 0 0 0 0 0 0 0 0 0 0 0 0 0 0 0 0 0 0 0 0 0 0 0 0 0 0 0 0 0 0 0 0 0 0 0 0 0 0 13 0 0 0 0 0 0 0 0 48 0 0 0 0 0 0 0 0 0 0 0 0 0 0 0 0 0 0 0 0 0 0 0 0 0 0 0 0 0 0 0 0 0 0 
0 0 0 0 0 0 0 0 18 0 0 0 0 0 0 0 18 0 0 0 0 0 0 0 3 0 0 0 0 0 0 0 0 0 0 0 0 0 0 0 0 0 0 0 0 0 0 0 0 0 0 0 0 0 0 0 0 0 0 0 0 0 0 0 0 0 0 0 0 0 0 0 0 0 0 0 14 0 0 0 0 0 0 0 0 41 0 0 0 0 0 0 0 0 0 0 0 0 0 0 0 0 0 0 0 0 0 0 0 0 0 0 0 0 0 0 0 0 0 0 
0 0 0 0 0 0 0 0 18 0 0 0 0 0 0 0 19 0 0 0 0 0 0 0 3 0 0 0 0 0 0 0 0 0 0 0 0 0 0 0 0 0 0 0 0 0 0 0 0 0 0 0 0 0 0 0 0 0 0 0 0 0 0 0 0 0 0 0 0 0 0 0 0 0 0 0 14 0 0 0 0 0 0 0 0 34 0 0 0 0 0 0 0 0 0 0 0 0 0 0 0 0 0 0 0 0 0 0 0 0 0 0 0 0 0 0 0 0 0 0 
0 0 0 0 0 0 0 0 18 0 0 0 0 0 0 0 20 0 0 0 0 0 0 0 3 0 0 0 0 0 0 0 0 0 0 0 0 0 0 0 0 0 0 0 0 0 0 0 0 0 0 0 0 0 0 0 0 0 0 0 0 0 0 0 0 0 0 0 0 0 0 0 0 0 0 0 14 0 0 0 0 0 0 0 0 27 0 0 0 0 0 0 0 0 0 0 0 0 0 0 0 0 0 0 0 0 0 0 0 0 0 0 0 0 0 0 0 0 0 0 
0 0 0 0 0 0 0 0 19 0 0 0 0 0 0 0 20 0 0 0 0 0 0 0 3 0 0 0 0 0 0 0 0 0 0 0 0 0 0 0 0 0 0 0 0 0 0 0 0 0 0 0 0 0 0 0 0 0 0 0 0 0 0 0 0 0 0 0 0 0 0 0 0 0 0 0 14 0 0 0 0 0 0 0 0 20 0 0 0 0 0 0 0 0 0 0 0 0 0 0 0 0 0 0 0 0 0 0 0 0 0 0 0 0 0 0 0 0 0 0 
0 0 0 0 0 0 0 0 20 0 0 0 0 0 0 0 20 0 0 0 0 0 0 0 3 0 0 0 0 0 0 0 0 0 0 0 0 0 0 0 0 0 0 0 0 0 0 0 0 0 0 0 0 0 0 0 0 0 0 0 0 0 0 0 0 0 0 0 0 0 0 0 0 0 0 0 15 0 0 0 0 0 0 0 0 12 0 0 0 0 0 0 0 0 0 0 0 0 0 0 0 0 0 0 0 0 0 0 0 0 0 0 0 0 0 0 0 0 0 0 
0 0 0 0 0 0 0 0 21 0 0 0 0 0 0 0 21 0 0 0 0 0 0 0 3 0 0 0 0 0 0 0 0 0 0 0 0 0 0 0 0 0 0 0 0 0 0 0 0 0 0 0 0 0 0 0 0 0 0 0 0 0 0 0 0 0 0 0 0 0 0 0 0 0 0 0 16 0 0 0 0 0 0 0 0 3 0 0 0 0 0 0 0 0 0 0 0 0 0 0 0 0 0 0 0 0 0 0 0 0 0 0 0 0 0 0 0 0 0 0 
0 0 0 0 0 0 0 0 21 0 0 0 0 0 0 0 22 0 0 0 0 0 0 0 3 0 0 0 0 0 0 0 0 0 0 0 0 0 0 0 0 0 0 0 0 0 0 0 0 0 0 0 0 0 0 0 0 0 0 0 0 0 0 0 0 0 0 0 0 0 0 0 0 0 0 0 11 0 0 0 0 0 0 0 0 0 0 0 0 0 0 0 0 0 0 0 0 0 0 0 0 0 0 0 0 0 0 0 0 0 0 0 0 0 0 0 0 0 0 0 
0 0 0 0 0 0 0 0 22 0 0 0 0 0 0 0 24 0 0 0 0 0 0 0 3 0 0 0 0 0 0 0 0 0 0 0 0 0 0 0 0 0 0 0 0 0 0 0 0 0 0 0 0 0 0 0 0 0 0 0 0 0 0 0 0 0 0 0 0 0 0 0 0 0 0 0 1 0 0 0 0 0 0 0 0 0 0 0 0 0 0 0 0 0 0 0 0 0 0 0 0 0 0 0 0 0 0 0 0 0 0 0 0 0 0 0 0 0 0 0 
0 0 0 0 0 0 0 0 23 0 0 0 0 0 0 0 20 0 0 0 0 0 0 0 0 0 0 0 0 0 0 0 0 0 0 0 0 0 0 0 0 0 0 0 0 0 0 0 0 0 0 0 0 0 0 0 0 0 0 0 0 0 0 0 0 0 0 0 0 0 0 0 0 0 0 0 0 0 0 0 0 0 0 0 0 0 0 0 0 0 0 0 0 0 0 0 0 0 0 0 0 0 0 0 0 0 0 0 0 0 0 0 0 0 0 0 0 0 0 0 
0 0 0 0 0 0 0 0 25 0 0 0 0 0 0 0 11 0 0 0 0 0 0 0 0 0 0 0 0 0 0 0 0 0 0 0 0 0 0 0 0 0 0 0 0 0 0 0 0 0 0 0 0 0 0 0 0 0 0 0 0 0 0 0 0 0 0 0 0 0 0 0 0 0 0 0 0 0 0 0 0 0 0 0 0 0 0 0 0 0 0 0 0 0 0 0 0 0 0 0 0 0 0 0 0 0 0 0 0 0 0 0 0 0 0 0 0 0 0 0 
0 0 0 0 0 0 0 0 27 0 0 0 0 0 0 0 1 0 0 0 0 0 0 0 0 0 0 0 0 0 0 0 0 0 0 0 0 0 0 0 0 0 0 0 0 0 0 0 0 0 0 0 0 0 0 0 0 0 0 0 0 0 0 0 0 0 0 0 0 0 0 0 0 0 0 0 0 0 0 0 0 0 0 0 0 0 0 0 0 0 0 0 0 0 0 0 0 0 0 0 0 0 0 0 0 0 0 0 0 0 0 0 0 0 0 0 0 0 0 0 
0 0 0 0 0 0 0 0 19 0 0 0 0 0 0 0 0 0 0 0 0 0 0 0 0 0 0 0 0 0 0 0 0 0 0 0 0 0 0 0 0 0 0 0 0 0 0 0 0 0 0 0 0 0 0 0 0 0 0 0 0 0 0 0 0 0 0 0 0 0 0 0 0 0 0 0 0 0 0 0 0 0 0 0 0 0 0 0 0 0 0 0 0 0 0 0 0 0 0 0 0 0 0 0 0 0 0 0 0 0 0 0 0 0 0 0 0 0 0 0 
0 0 0 0 0 0 0 0 10 0 0 0 0 0 0 0 0 0 0 0 0 0 0 0 0 0 0 0 0 0 0 0 0 0 0 0 0 0 0 0 0 0 0 0 0 0 0 0 0 0 0 0 0 0 0 0 0 0 0 0 0 0 0 0 0 0 0 0 0 0 0 0 0 0 0 0 0 0 0 0 0 0 0 0 0 0 0 0 0 0 0 0 0 0 0 0 0 0 0 0 0 0 0 0 0 0 0 0 0 0 0 0 0 0 0 0 0 0 0 0 
0 0 0 0 0 0 0 0 1 0 0 0 0 0 0 0 0 0 0 0 0 0 0 0 0 0 0 0 0 0 0 0 0 0 0 0 0 0 0 0 0 0 0 0 0 0 0 0 0 0 0 0 0 0 0 0 0 0 0 0 0 0 0 0 0 0 0 0 0 0 0 0 0 0 0 0 0 0 0 0 0 0 0 0 0 0 0 0 0 0 0 0 0 0 0 0 0 0 0 0 0 0 0 0 0 0 0 0 0 0 0 0 0 0 0 0 0 0 0 0 
0 0 0 0 0 0 0 0 0 0 0 0 0 0 0 0 0 0 0 0 0 0 0 0 0 0 0 0 0 0 0 0 0 0 0 0 0 0 0 0 0 0 0 0 0 0 0 0 0 0 0 0 0 0 0 0 0 0 0 0 0 0 0 0 0 0 0 0 0 0 0 0 0 0 0 0 0 0 0 0 0 0 0 0 0 0 0 0 0 0 0 0 0 0 0 0 0 0 0 0 0 0 0 0 0 0 0 0 0 0 0 0 0 0 0 0 0 0 0 0 
