0 20 28 0 0 0 21 0 0 30 0 30 20 22 21 26 10 30 0 1 0 30 25 22 30 27 44 0 50 20 24 22 40 55 10 53 38 80 27 16 7 53 77 56 53 86 10 34 21 16 72 36 52 20 42 0 11 20 25 27 13 37 26 17 51 107 28 0 27 78 5 8 45 27 47 37 15 16 15 10 55 47 121 20 13 67 18 25 16 0 40 25 20 24 43 50 9 96 19 41 38 5 26 9 26 43 33 1 13 6 21 0 51 53 55 34 23 15 27 80 
0 20 20 0 10 20 22 0 10 28 0 30 23 22 24 26 27 30 0 5 0 30 28 27 30 27 17 0 30 24 22 10 34 54 7 53 34 80 25 0 6 53 79 59 53 33 18 16 11 16 86 39 42 20 22 0 11 15 27 18 0 38 26 8 51 97 32 0 7 78 5 9 32 27 48 27 17 9 15 10 52 42 105 20 12 75 0 25 8 0 37 25 16 24 48 58 5 96 19 45 34 0 26 7 26 37 33 1 13 0 17 0 51 53 63 34 20 0 27 75 
0 20 21 0 19 30 22 0 27 25 0 30 23 25 22 26 27 29 0 12 0 30 29 28 30 17 0 0 10 25 10 10 26 54 5 52 32 79 11 0 6 53 79 62 31 0 16 2 0 7 106 46 22 20 12 0 10 13 27 3 0 38 26 3 51 87 32 0 0 77 2 9 17 27 48 21 17 6 15 10 46 42 94 20 11 75 0 7 0 0 34 25 10 24 51 63 4 96 19 46 29 0 26 5 27 34 33 0 14 0 7 0 51 53 64 34 24 0 27 55 
0 10 25 0 27 30 22 0 24 27 0 22 24 28 23 26 27 30 0 16 0 30 29 28 30 0 0 0 0 10 10 20 10 55 0 51 30 78 0 0 5 53 78 43 0 0 2 0 0 10 106 64 10 20 2 0 8 13 25 0 0 36 26 1 49 77 32 0 0 69 0 10 2 24 47 15 17 4 13 10 60 21 92 20 11 75 0 0 0 0 31 25 4 25 38 65 4 96 19 46 26 0 26 4 27 32 33 0 14 0 0 0 48 53 64 34 29 0 27 45 
0 0 8 0 30 30 22 0 30 27 0 10 24 28 24 26 27 30 0 17 0 30 29 28 30 0 0 0 0 12 20 10 0 55 0 51 28 77 0 0 0 53 72 0 0 0 0 0 0 10 106 76 10 12 0 0 7 13 23 0 0 34 26 1 47 67 27 0 0 59 0 10 0 11 46 11 17 2 14 10 71 1 81 20 11 75 0 0 0 0 26 26 1 25 22 65 4 96 19 46 23 0 26 3 27 30 33 0 14 0 0 0 38 53 64 34 32 0 27 27 
0 0 12 0 30 30 22 0 27 27 0 10 26 28 24 26 27 17 0 16 0 30 29 27 30 0 0 0 0 20 10 20 0 35 0 51 27 77 0 0 0 53 60 0 0 0 0 0 0 10 106 76 10 2 0 0 6 13 20 0 0 33 26 1 45 57 24 0 0 49 0 10 0 0 46 5 17 1 15 10 75 0 79 20 11 75 0 0 0 0 12 26 0 24 17 65 4 96 19 46 20 0 26 1 27 26 33 0 14 0 0 0 28 53 64 34 32 0 27 22 
0 0 20 0 30 30 22 0 26 27 0 10 26 28 24 26 27 7 0 15 0 30 29 27 30 0 0 0 0 10 20 20 0 15 0 51 26 77 0 0 0 53 48 0 0 0 0 0 0 10 106 76 2 0 0 0 5 13 17 0 0 32 26 1 44 47 21 0 0 39 0 10 0 0 34 0 17 1 15 10 75 0 76 20 11 75 0 0 0 0 0 22 0 24 13 65 4 96 19 46 17 0 26 0 26 21 33 0 14 0 0 0 18 53 64 34 32 0 27 16 
0 0 10 0 30 30 22 0 24 28 0 2 26 28 24 26 27 0 0 14 0 30 29 27 30 0 0 0 0 20 20 15 0 0 0 51 25 77 0 0 0 53 36 0 0 0 0 0 0 10 106 75 0 0 0 0 4 12 15 0 0 31 26 1 43 37 18 0 0 29 0 10 0 0 17 0 17 1 15 10 72 0 73 20 11 75 0 0 0 0 0 5 0 25 9 65 4 96 18 46 15 0 27 0 24 15 33 0 14 0 0 0 8 53 64 34 32 0 27 11 
0 0 20 0 30 30 22 0 25 30 0 0 26 28 23 26 26 0 0 13 0 30 28 27 30 0 0 0 0 20 15 0 0 0 0 51 24 77 0 0 0 53 24 0 0 0 0 0 0 10 106 65 0 0 0 0 3 11 13 0 0 30 26 1 42 27 16 0 0 19 0 10 0 0 7 0 17 1 15 10 62 0 70 20 11 75 0 0 0 0 0 0 0 19 0 65 4 96 14 45 12 0 27 0 22 10 32 0 14 0 0 0 0 51 64 34 32 0 27 4 
0 0 20 0 30 30 22 0 23 30 0 0 25 28 20 26 27 0 0 11 0 30 27 27 30 0 0 0 0 15 0 0 0 0 0 51 23 77 0 0 0 53 18 0 0 0 0 0 0 10 106 55 0 0 0 0 1 10 11 0 0 28 26 1 39 17 14 0 0 9 0 10 0 0 0 0 17 1 15 10 52 0 67 20 11 75 0 0 0 0 0 0 0 0 0 64 4 96 9 44 9 0 27 0 20 5 33 0 12 0 0 0 0 41 64 34 32 0 25 0 
0 0 15 0 29 30 22 0 22 30 0 0 24 28 10 26 27 0 0 9 0 30 27 26 30 0 0 0 0 0 0 0 0 0 0 51 22 76 0 0 0 53 14 0 0 0 0 0 0 10 106 45 0 0 0 0 0 9 9 0 0 26 26 0 36 7 13 0 0 0 0 10 0 0 0 0 17 1 15 10 42 0 64 20 11 75 0 0 0 0 0 0 0 0 0 48 0 96 6 44 2 0 27 0 19 3 32 0 8 0 0 0 0 31 64 34 32 0 19 0 
0 0 0 0 27 30 22 0 23 30 0 0 24 28 10 26 26 0 0 8 0 30 27 26 30 0 0 0 0 0 0 0 0 0 0 51 21 76 0 0 0 53 10 0 0 0 0 0 0 10 106 35 0 0 0 0 0 7 8 0 0 23 24 0 32 0 12 0 0 0 0 10 0 0 0 0 17 1 15 10 32 0 61 20 11 75 0 0 0 0 0 0 0 0 0 28 0 96 0 42 0 0 27 0 18 1 31 0 3 0 0 0 0 21 64 34 32 0 12 0 
0 0 0 0 24 30 22 0 30 30 0 0 24 28 10 26 24 0 0 7 0 30 27 26 30 0 0 0 0 0 0 0 0 0 0 51 20 76 0 0 0 53 7 0 0 0 0 0 0 10 106 25 0 0 0 0 0 6 6 0 0 21 21 0 28 0 11 0 0 0 0 10 0 0 0 0 17 1 15 10 22 0 57 19 11 75 0 0 0 0 0 0 0 0 0 8 0 96 0 32 0 0 27 0 17 0 27 0 0 0 0 0 0 11 64 34 32 0 2 0 
0 0 0 0 20 30 22 0 30 30 0 0 24 28 10 26 26 0 0 6 0 30 26 26 30 0 0 0 0 0 0 0 0 0 0 51 19 76 0 0 0 53 5 0 0 0 0 0 0 10 106 15 0 0 0 0 0 4 5 0 0 18 19 0 24 0 10 0 0 0 0 10 0 0 0 0 17 1 15 10 12 0 53 19 11 75 0 0 0 0 0 0 0 0 0 0 0 84 0 23 0 0 27 0 15 0 20 0 0 0 0 0 0 1 64 34 26 0 0 0 
0 0 0 0 15 30 22 0 30 30 0 0 24 28 10 27 26 0 0 5 0 30 26 26 30 0 0 0 0 0 0 0 0 0 0 51 18 76 0 0 0 53 4 0 0 0 0 0 0 10 106 5 0 0 0 0 0 3 3 0 0 16 16 0 20 0 9 0 0 0 0 10 0 0 0 0 17 1 15 10 2 0 50 19 11 75 0 0 0 0 0 0 0 0 0 0 0 64 0 17 0 0 23 0 13 0 12 0 0 0 0 0 0 0 64 25 19 0 0 0 
0 0 0 0 10 30 22 0 30 25 0 0 24 28 10 27 26 0 0 4 0 30 26 26 30 0 0 0 0 0 0 0 0 0 0 51 17 76 0 0 0 53 3 0 0 0 0 0 0 10 106 0 0 0 0 0 0 1 2 0 0 13 14 0 16 0 8 0 0 0 0 10 0 0 0 0 17 0 8 10 0 0 47 19 11 75 0 0 0 0 0 0 0 0 0 0 0 44 0 12 0 0 18 0 7 0 9 0 0 0 0 0 0 0 64 15 12 0 0 0 
0 0 0 0 10 30 22 0 30 15 0 0 23 28 10 26 26 0 0 4 0 30 26 26 30 0 0 0 0 0 0 0 0 0 0 51 16 73 0 0 0 53 0 0 0 0 0 0 0 10 106 0 0 0 0 0 0 0 0 0 0 11 11 0 12 0 8 0 0 0 0 10 0 0 0 0 18 0 0 8 0 0 43 19 11 75 0 0 0 0 0 0 0 0 0 0 0 24 0 8 0 0 12 0 5 0 2 0 0 0 0 0 0 0 64 5 5 0 0 0 
0 0 0 0 10 30 22 0 30 5 0 0 23 25 10 26 26 0 0 4 0 30 26 23 30 0 0 0 0 0 0 0 0 0 0 51 15 68 0 0 0 52 0 0 0 0 0 0 0 10 106 0 0 0 0 0 0 0 0 0 0 8 9 0 7 0 8 0 0 0 0 8 0 0 0 0 18 0 0 0 0 0 40 19 11 75 0 0 0 0 0 0 0 0 0 0 0 4 0 5 0 0 5 0 0 0 0 0 0 0 0 0 0 0 62 0 0 0 0 0 
0 0 0 0 10 30 22 0 30 0 0 0 24 21 10 27 26 0 0 3 0 14 25 13 30 0 0 0 0 0 0 0 0 0 0 51 15 63 0 0 0 51 0 0 0 0 0 0 0 10 101 0 0 0 0 0 0 0 0 0 0 5 4 0 5 0 7 0 0 0 0 0 0 0 0 0 18 0 0 0 0 0 37 19 11 75 0 0 0 0 0 0 0 0 0 0 0 0 0 0 0 0 1 0 0 0 0 0 0 0 0 0 0 0 55 0 0 0 0 0 
0 0 0 0 10 30 22 0 30 0 0 0 24 17 10 26 26 0 0 2 0 0 16 5 30 0 0 0 0 0 0 0 0 0 0 51 15 58 0 0 0 50 0 0 0 0 0 0 0 10 91 0 0 0 0 0 0 0 0 0 0 1 2 0 2 0 6 0 0 0 0 0 0 0 0 0 18 0 0 0 0 0 34 19 11 75 0 0 0 0 0 0 0 0 0 0 0 0 0 0 0 0 0 0 0 0 0 0 0 0 0 0 0 0 48 0 0 0 0 0 
0 0 0 0 10 30 22 0 30 0 0 0 21 13 10 25 26 0 0 0 0 0 6 2 30 0 0 0 0 0 0 0 0 0 0 51 15 53 0 0 0 49 0 0 0 0 0 0 0 10 81 0 0 0 0 0 0 0 0 0 0 0 0 0 0 0 0 0 0 0 0 0 0 0 0 0 18 0 0 0 0 0 31 19 11 75 0 0 0 0 0 0 0 0 0 0 0 0 0 0 0 0 0 0 0 0 0 0 0 0 0 0 0 0 41 0 0 0 0 0 
0 0 0 0 10 30 22 0 30 0 0 0 11 9 6 17 26 0 0 0 0 0 0 0 30 0 0 0 0 0 0 0 0 0 0 51 15 48 0 0 0 48 0 0 0 0 0 0 0 10 71 0 0 0 0 0 0 0 0 0 0 0 0 0 0 0 0 0 0 0 0 0 0 0 0 0 18 0 0 0 0 0 28 19 11 75 0 0 0 0 0 0 0 0 0 0 0 0 0 0 0 0 0 0 0 0 0 0 0 0 0 0 0 0 34 0 0 0 0 0 
0 0 0 0 10 30 22 0 30 0 0 0 1 2 0 7 26 0 0 0 0 0 0 0 30 0 0 0 0 0 0 0 0 0 0 50 14 48 0 0 0 47 0 0 0 0 0 0 0 10 61 0 0 0 0 0 0 0 0 0 0 0 0 0 0 0 0 0 0 0 0 0 0 0 0 0 18 0 0 0 0 0 25 19 11 75 0 0 0 0 0 0 0 0 0 0 0 0 0 0 0 0 0 0 0 0 0 0 0 0 0 0 0 0 27 0 0 0 0 0 
0 0 0 0 1 24 22 0 30 0 0 0 0 0 0 0 26 0 0 0 0 0 0 0 30 0 0 0 0 0 0 0 0 0 0 50 13 48 0 0 0 46 0 0 0 0 0 0 0 10 51 0 0 0 0 0 0 0 0 0 0 0 0 0 0 0 0 0 0 0 0 0 0 0 0 0 18 0 0 0 0 0 22 19 11 75 0 0 0 0 0 0 0 0 0 0 0 0 0 0 0 0 0 0 0 0 0 0 0 0 0 0 0 0 20 0 0 0 0 0 
0 0 0 0 0 17 22 0 30 0 0 0 0 0 0 0 26 0 0 0 0 0 0 0 30 0 0 0 0 0 0 0 0 0 0 49 12 39 0 0 0 45 0 0 0 0 0 0 0 10 41 0 0 0 0 0 0 0 0 0 0 0 0 0 0 0 0 0 0 0 0 0 0 0 0 0 18 0 0 0 0 0 19 19 11 75 0 0 0 0 0 0 0 0 0 0 0 0 0 0 0 0 0 0 0 0 0 0 0 0 0 0 0 0 13 0 0 0 0 0 
0 0 0 0 0 9 21 0 30 0 0 0 0 0 0 0 26 0 0 0 0 0 0 0 30 0 0 0 0 0 0 0 0 0 0 49 10 32 0 0 0 43 0 0 0 0 0 0 0 10 31 0 0 0 0 0 0 0 0 0 0 0 0 0 0 0 0 0 0 0 0 0 0 0 0 0 18 0 0 0 0 0 16 19 11 75 0 0 0 0 0 0 0 0 0 0 0 0 0 0 0 0 0 0 0 0 0 0 0 0 0 0 0 0 6 0 0 0 0 0 
0 0 0 0 0 6 21 0 30 0 0 0 0 0 0 0 26 0 0 0 0 0 0 0 29 0 0 0 0 0 0 0 0 0 0 48 2 26 0 0 0 41 0 0 0 0 0 0 0 10 21 0 0 0 0 0 0 0 0 0 0 0 0 0 0 0 0 0 0 0 0 0 0 0 0 0 18 0 0 0 0 0 13 19 11 75 0 0 0 0 0 0 0 0 0 0 0 0 0 0 0 0 0 0 0 0 0 0 0 0 0 0 0 0 0 0 0 0 0 0 
0 0 0 0 0 0 21 0 30 0 0 0 0 0 0 0 26 0 0 0 0 0 0 0 22 0 0 0 0 0 0 0 0 0 0 43 0 21 0 0 0 39 0 0 0 0 0 0 0 10 11 0 0 0 0 0 0 0 0 0 0 0 0 0 0 0 0 0 0 0 0 0 0 0 0 0 18 0 0 0 0 0 11 19 10 75 0 0 0 0 0 0 0 0 0 0 0 0 0 0 0 0 0 0 0 0 0 0 0 0 0 0 0 0 0 0 0 0 0 0 
0 0 0 0 0 0 21 0 30 0 0 0 0 0 0 0 26 0 0 0 0 0 0 0 15 0 0 0 0 0 0 0 0 0 0 29 0 17 0 0 0 37 0 0 0 0 0 0 0 10 1 0 0 0 0 0 0 0 0 0 0 0 0 0 0 0 0 0 0 0 0 0 0 0 0 0 18 0 0 0 0 0 9 19 9 75 0 0 0 0 0 0 0 0 0 0 0 0 0 0 0 0 0 0 0 0 0 0 0 0 0 0 0 0 0 0 0 0 0 0 
0 0 0 0 0 0 21 0 30 0 0 0 0 0 0 0 26 0 0 0 0 0 0 0 12 0 0 0 0 0 0 0 0 0 0 17 0 14 0 0 0 32 0 0 0 0 0 0 0 1 0 0 0 0 0 0 0 0 0 0 0 0 0 0 0 0 0 0 0 0 0 0 0 0 0 0 18 0 0 0 0 0 7 18 5 75 0 0 0 0 0 0 0 0 0 0 0 0 0 0 0 0 0 0 0 0 0 0 0 0 0 0 0 0 0 0 0 0 0 0 
0 0 0 0 0 0 21 0 30 0 0 0 0 0 0 0 26 0 0 0 0 0 0 0 9 0 0 0 0 0 0 0 0 0 0 8 0 10 0 0 0 25 0 0 0 0 0 0 0 0 0 0 0 0 0 0 0 0 0 0 0 0 0 0 0 0 0 0 0 0 0 0 0 0 0 0 18 0 0 0 0 0 2 18 3 75 0 0 0 0 0 0 0 0 0 0 0 0 0 0 0 0 0 0 0 0 0 0 0 0 0 0 0 0 0 0 0 0 0 0 
0 0 0 0 0 0 20 0 30 0 0 0 0 0 0 0 26 0 0 0 0 0 0 0 6 0 0 0 0 0 0 0 0 0 0 5 0 4 0 0 0 15 0 0 0 0 0 0 0 0 0 0 0 0 0 0 0 0 0 0 0 0 0 0 0 0 0 0 0 0 0 0 0 0 0 0 18 0 0 0 0 0 0 16 0 75 0 0 0 0 0 0 0 0 0 0 0 0 0 0 0 0 0 0 0 0 0 0 0 0 0 0 0 0 0 0 0 0 0 0 
0 0 0 0 0 0 18 0 30 0 0 0 0 0 0 0 26 0 0 0 0 0 0 0 4 0 0 0 0 0 0 0 0 0 0 0 0 1 0 0 0 5 0 0 0 0 0 0 0 0 0 0 0 0 0 0 0 0 0 0 0 0 0 0 0 0 0 0 0 0 0 0 0 0 0 0 18 0 0 0 0 0 0 8 0 75 0 0 0 0 0 0 0 0 0 0 0 0 0 0 0 0 0 0 0 0 0 0 0 0 0 0 0 0 0 0 0 0 0 0 
0 0 0 0 0 0 6 0 30 0 0 0 0 0 0 0 27 0 0 0 0 0 0 0 3 0 0 0 0 0 0 0 0 0 0 0 0 0 0 0 0 0 0 0 0 0 0 0 0 0 0 0 0 0 0 0 0 0 0 0 0 0 0 0 0 0 0 0 0 0 0 0 0 0 0 0 18 0 0 0 0 0 0 0 0 73 0 0 0 0 0 0 0 0 0 0 0 0 0 0 0 0 0 0 0 0 0 0 0 0 0 0 0 0 0 0 0 0 0 0 
0 0 0 0 0 0 0 0 30 0 0 0 0 0 0 0 27 0 0 0 0 0 0 0 3 0 0 0 0 0 0 0 0 0 0 0 0 0 0 0 0 0 0 0 0 0 0 0 0 0 0 0 0 0 0 0 0 0 0 0 0 0 0 0 0 0 0 0 0 0 0 0 0 0 0 0 18 0 0 0 0 0 0 0 0 63 0 0 0 0 0 0 0 0 0 0 0 0 0 0 0 0 0 0 0 0 0 0 0 0 0 0 0 0 0 0 0 0 0 0 
0 0 0 0 0 0 0 0 30 0 0 0 0 0 0 0 27 0 0 0 0 0 0 0 3 0 0 0 0 0 0 0 0 0 0 0 0 0 0 0 0 0 0 0 0 0 0 0 0 0 0 0 0 0 0 0 0 0 0 0 0 0 0 0 0 0 0 0 0 0 0 0 0 0 0 0 18 0 0 0 0 0 0 0 0 53 0 0 0 0 0 0 0 0 0 0 0 0 0 0 0 0 0 0 0 0 0 0 0 0 0 0 0 0 0 0 0 0 0 0 
0 0 0 0 0 0 0 0 30 0 0 0 0 0 0 0 27 0 0 0 0 0 0 0 3 0 0 0 0 0 0 0 0 0 0 0 0 0 0 0 0 0 0 0 0 0 0 0 0 0 0 0 0 0 0 0 0 0 0 0 0 0 0 0 0 0 0 0 0 0 0 0 0 0 0 0 18 0 0 0 0 0 0 0 0 43 0 0 0 0 0 0 0 0 0 0 0 0 0 0 0 0 0 0 0 0 0 0 0 0 0 0 0 0 0 0 0 0 0 0 
0 0 0 0 0 0 0 0 30 0 0 0 0 0 0 0 27 0 0 0 0 0 0 0 3 0 0 0 0 0 0 0 0 0 0 0 0 0 0 0 0 0 0 0 0 0 0 0 0 0 0 0 0 0 0 0 0 0 0 0 0 0 0 0 0 0 0 0 0 0 0 0 0 0 0 0 18 0 0 0 0 0 0 0 0 33 0 0 0 0 0 0 0 0 0 0 0 0 0 0 0 0 0 0 0 0 0 0 0 0 0 0 0 0 0 0 0 0 0 0 
0 0 0 0 0 0 0 0 30 0 0 0 0 0 0 0 27 0 0 0 0 0 0 0 3 0 0 0 0 0 0 0 0 0 0 0 0 0 0 0 0 0 0 0 0 0 0 0 0 0 0 0 0 0 0 0 0 0 0 0 0 0 0 0 0 0 0 0 0 0 0 0 0 0 0 0 18 0 0 0 0 0 0 0 0 23 0 0 0 0 0 0 0 0 0 0 0 0 0 0 0 0 0 0 0 0 0 0 0 0 0 0 0 0 0 0 0 0 0 0 
0 0 0 0 0 0 0 0 30 0 0 0 0 0 0 0 27 0 0 0 0 0 0 0 3 0 0 0 0 0 0 0 0 0 0 0 0 0 0 0 0 0 0 0 0 0 0 0 0 0 0 0 0 0 0 0 0 0 0 0 0 0 0 0 0 0 0 0 0 0 0 0 0 0 0 0 18 0 0 0 0 0 0 0 0 13 0 0 0 0 0 0 0 0 0 0 0 0 0 0 0 0 0 0 0 0 0 0 0 0 0 0 0 0 0 0 0 0 0 0 
0 0 0 0 0 0 0 0 30 0 0 0 0 0 0 0 27 0 0 0 0 0 0 0 3 0 0 0 0 0 0 0 0 0 0 0 0 0 0 0 0 0 0 0 0 0 0 0 0 0 0 0 0 0 0 0 0 0 0 0 0 0 0 0 0 0 0 0 0 0 0 0 0 0 0 0 18 0 0 0 0 0 0 0 0 3 0 0 0 0 0 0 0 0 0 0 0 0 0 0 0 0 0 0 0 0 0 0 0 0 0 0 0 0 0 0 0 0 0 0 
0 0 0 0 0 0 0 0 30 0 0 0 0 0 0 0 27 0 0 0 0 0 0 0 3 0 0 0 0 0 0 0 0 0 0 0 0 0 0 0 0 0 0 0 0 0 0 0 0 0 0 0 0 0 0 0 0 0 0 0 0 0 0 0 0 0 0 0 0 0 0 0 0 0 0 0 11 0 0 0 0 0 0 0 0 0 0 0 0 0 0 0 0 0 0 0 0 0 0 0 0 0 0 0 0 0 0 0 0 0 0 0 0 0 0 0 0 0 0 0 
0 0 0 0 0 0 0 0 30 0 0 0 0 0 0 0 27 0 0 0 0 0 0 0 3 0 0 0 0 0 0 0 0 0 0 0 0 0 0 0 0 0 0 0 0 0 0 0 0 0 0 0 0 0 0 0 0 0 0 0 0 0 0 0 0 0 0 0 0 0 0 0 0 0 0 0 1 0 0 0 0 0 0 0 0 0 0 0 0 0 0 0 0 0 0 0 0 0 0 0 0 0 0 0 0 0 0 0 0 0 0 0 0 0 0 0 0 0 0 0 
0 0 0 0 0 0 0 0 30 0 0 0 0 0 0 0 21 0 0 0 0 0 0 0 0 0 0 0 0 0 0 0 0 0 0 0 0 0 0 0 0 0 0 0 0 0 0 0 0 0 0 0 0 0 0 0 0 0 0 0 0 0 0 0 0 0 0 0 0 0 0 0 0 0 0 0 0 0 0 0 0 0 0 0 0 0 0 0 0 0 0 0 0 0 0 0 0 0 0 0 0 0 0 0 0 0 0 0 0 0 0 0 0 0 0 0 0 0 0 0 
0 0 0 0 0 0 0 0 30 0 0 0 0 0 0 0 11 0 0 0 0 0 0 0 0 0 0 0 0 0 0 0 0 0 0 0 0 0 0 0 0 0 0 0 0 0 0 0 0 0 0 0 0 0 0 0 0 0 0 0 0 0 0 0 0 0 0 0 0 0 0 0 0 0 0 0 0 0 0 0 0 0 0 0 0 0 0 0 0 0 0 0 0 0 0 0 0 0 0 0 0 0 0 0 0 0 0 0 0 0 0 0 0 0 0 0 0 0 0 0 
0 0 0 0 0 0 0 0 30 0 0 0 0 0 0 0 1 0 0 0 0 0 0 0 0 0 0 0 0 0 0 0 0 0 0 0 0 0 0 0 0 0 0 0 0 0 0 0 0 0 0 0 0 0 0 0 0 0 0 0 0 0 0 0 0 0 0 0 0 0 0 0 0 0 0 0 0 0 0 0 0 0 0 0 0 0 0 0 0 0 0 0 0 0 0 0 0 0 0 0 0 0 0 0 0 0 0 0 0 0 0 0 0 0 0 0 0 0 0 0 
0 0 0 0 0 0 0 0 21 0 0 0 0 0 0 0 0 0 0 0 0 0 0 0 0 0 0 0 0 0 0 0 0 0 0 0 0 0 0 0 0 0 0 0 0 0 0 0 0 0 0 0 0 0 0 0 0 0 0 0 0 0 0 0 0 0 0 0 0 0 0 0 0 0 0 0 0 0 0 0 0 0 0 0 0 0 0 0 0 0 0 0 0 0 0 0 0 0 0 0 0 0 0 0 0 0 0 0 0 0 0 0 0 0 0 0 0 0 0 0 
0 0 0 0 0 0 0 0 11 0 0 0 0 0 0 0 0 0 0 0 0 0 0 0 0 0 0 0 0 0 0 0 0 0 0 0 0 0 0 0 0 0 0 0 0 0 0 0 0 0 0 0 0 0 0 0 0 0 0 0 0 0 0 0 0 0 0 0 0 0 0 0 0 0 0 0 0 0 0 0 0 0 0 0 0 0 0 0 0 0 0 0 0 0 0 0 0 0 0 0 0 0 0 0 0 0 0 0 0 0 0 0 0 0 0 0 0 0 0 0 
0 0 0 0 0 0 0 0 1 0 0 0 0 0 0 0 0 0 0 0 0 0 0 0 0 0 0 0 0 0 0 0 0 0 0 0 0 0 0 0 0 0 0 0 0 0 0 0 0 0 0 0 0 0 0 0 0 0 0 0 0 0 0 0 0 0 0 0 0 0 0 0 0 0 0 0 0 0 0 0 0 0 0 0 0 0 0 0 0 0 0 0 0 0 0 0 0 0 0 0 0 0 0 0 0 0 0 0 0 0 0 0 0 0 0 0 0 0 0 0 
0 0 0 0 0 0 0 0 0 0 0 0 0 0 0 0 0 0 0 0 0 0 0 0 0 0 0 0 0 0 0 0 0 0 0 0 0 0 0 0 0 0 0 0 0 0 0 0 0 0 0 0 0 0 0 0 0 0 0 0 0 0 0 0 0 0 0 0 0 0 0 0 0 0 0 0 0 0 0 0 0 0 0 0 0 0 0 0 0 0 0 0 0 0 0 0 0 0 0 0 0 0 0 0 0 0 0 0 0 0 0 0 0 0 0 0 0 0 0 0 
